0 -1.448152 -11.683645 51.638046 -0.019955 0.527022 0.849618 0.000681 0.849793 -0.527115 -0.999801 -0.009939 -0.017314 1
1 -1.388595 -10.215282 49.291119 -0.025883 0.532672 0.845926 0.004386 0.846262 -0.532749 -0.999655 -0.010079 -0.024237 2
2 -1.315651 -8.733952 46.952690 -0.027671 0.536224 0.843622 0.005515 0.844014 -0.536292 -0.999602 -0.010187 -0.026309 3
3 -1.249678 -7.248335 44.616768 -0.020563 0.534841 0.844703 0.001000 0.844891 -0.534937 -0.999788 -0.010154 -0.017905 4
4 -1.228522 -5.777294 42.270901 0.001649 0.524686 0.851294 -0.012886 0.851236 -0.524625 -0.999915 -0.010104 0.008168 5
5 -1.316333 -4.355206 39.897026 0.047575 0.500230 0.864585 -0.040292 0.865822 -0.498728 -0.998055 -0.011108 0.061350 6
6 -1.590621 -3.031602 37.481644 0.117625 0.460557 0.879802 -0.078571 0.887491 -0.454078 -0.989945 -0.015715 0.140581 7
7 -2.094452 -1.845947 35.031792 0.188643 0.419200 0.888079 -0.113065 0.907573 -0.404384 -0.975515 -0.024126 0.218607 8
8 -2.771057 -0.776661 32.569084 0.228572 0.393741 0.890349 -0.130548 0.918698 -0.372762 -0.964734 -0.031029 0.261394 9
9 -3.496243 0.242812 30.098721 0.219831 0.388352 0.894906 -0.126974 0.920933 -0.368456 -0.967239 -0.032632 0.251760 10
10 -4.117086 1.278167 27.607372 0.159911 0.391764 0.906062 -0.102034 0.919518 -0.379573 -0.981844 -0.031750 0.187017 11
11 -4.495989 2.325313 25.073807 0.062120 0.373866 0.925400 -0.061652 0.926858 -0.370316 -0.996163 -0.034048 0.080629 12
12 -4.532457 3.291880 22.482319 -0.067006 0.319037 0.945371 -0.013603 0.947120 -0.320592 -0.997660 -0.034341 -0.059119 13
13 -4.161317 4.072308 19.855408 -0.205095 0.241721 0.948424 0.027547 0.970065 -0.241280 -0.978354 -0.023358 -0.205611 14
14 -3.432415 4.637094 17.246517 -0.307096 0.178163 0.934854 0.049949 0.983984 -0.171118 -0.950367 -0.005854 -0.311073 15
15 -2.489227 5.048245 14.676113 -0.356250 0.143927 0.923240 0.057993 0.989566 -0.131889 -0.932589 0.006557 -0.360877 16
16 -1.476635 5.397297 12.122520 -0.359054 0.137260 0.923170 0.058404 0.990492 -0.124555 -0.931488 0.009195 -0.363654 17
17 -0.500935 5.748146 9.554981 -0.333665 0.139133 0.932369 0.054928 0.990237 -0.128112 -0.941090 0.008467 -0.338046 18
18 0.390202 6.087302 6.955364 -0.299883 0.121177 0.946249 0.050534 0.992525 -0.111088 -0.952637 0.014505 -0.303762 19
19 1.142577 6.334739 4.303059 -0.223925 0.071496 0.971981 0.043799 0.997036 -0.063249 -0.973622 0.028409 -0.226389 20
20 1.562564 6.425651 1.571800 -0.065853 0.005638 0.997814 0.038891 0.999239 -0.003079 -0.997071 0.038604 -0.066019 21
21 1.512813 6.369267 -1.192451 0.090770 -0.042754 0.994953 0.041903 0.998357 0.039077 -0.994990 0.038146 0.092415 22
22 1.108706 6.231922 -3.927074 0.186177 -0.064004 0.980429 0.046605 0.997328 0.056257 -0.981410 0.035220 0.188665 23
23 0.513673 6.073330 -6.626514 0.232142 -0.066107 0.970432 0.049306 0.997205 0.056135 -0.971431 0.034818 0.234756 24
24 -0.169440 5.928034 -9.305984 0.253205 -0.059242 0.965596 0.050462 0.997573 0.047971 -0.966096 0.036580 0.255583 25
25 -0.891733 5.809228 -11.976524 0.262854 -0.050167 0.963530 0.050897 0.997978 0.038076 -0.963492 0.039033 0.264879 26
26 -1.632533 5.713826 -14.642960 0.267599 -0.044476 0.962502 0.051070 0.998185 0.031926 -0.962176 0.040612 0.269388 27
27 -2.379065 5.625165 -17.308086 0.266815 -0.046429 0.962628 0.051042 0.998118 0.033993 -0.962395 0.040066 0.268686 28
28 -3.114212 5.514189 -19.975569 0.258272 -0.060431 0.964180 0.050674 0.997515 0.048946 -0.964742 0.036218 0.260696 29
29 -3.811450 5.338224 -22.649622 0.235884 -0.091152 0.967496 0.049138 0.995436 0.081804 -0.970538 0.028246 0.239289 30
30 -4.414592 5.041479 -25.335367 0.185557 -0.142478 0.972249 0.043396 0.989655 0.136746 -0.981675 0.016818 0.189823 31
31 -4.824553 4.560928 -28.029699 0.094837 -0.215057 0.971985 0.026915 0.976583 0.213448 -0.995129 0.005919 0.098408 32
32 -4.932355 3.857342 -30.702948 -0.021752 -0.291903 0.956200 -0.003831 0.956444 0.291891 -0.999756 0.002687 -0.021920 33
33 -4.715562 2.971092 -33.315449 -0.124211 -0.343860 0.930770 -0.038455 0.938997 0.341768 -0.991510 0.006660 -0.129853 34
34 -4.244539 1.997814 -35.863899 -0.192885 -0.360773 0.912491 -0.064615 0.932605 0.355067 -0.979092 0.009528 -0.203193 35
35 -3.622555 1.020302 -38.378742 -0.226225 -0.360028 0.905099 -0.077579 0.932895 0.351695 -0.970981 0.009346 -0.238972 36
36 -2.952181 0.033346 -40.877693 -0.226124 -0.374903 0.899065 -0.077484 0.926968 0.367051 -0.971012 0.013336 -0.238656 37
37 -2.327251 -1.040985 -43.351910 -0.199184 -0.418498 0.886107 -0.065677 0.907893 0.414024 -0.977759 0.024271 -0.208320 38
38 -1.813960 -2.278229 -45.774448 -0.158240 -0.483028 0.861188 -0.044681 0.874786 0.482445 -0.986389 0.037864 -0.160005 39
39 -1.443670 -3.711620 -48.113308 -0.116438 -0.549571 0.827293 -0.019078 0.834043 0.551370 -0.993015 0.048418 -0.107596 40
40 -1.210198 -5.315048 -50.358143 -0.083509 -0.599220 0.796217 0.004331 0.798782 0.601605 -0.996498 0.053689 -0.064107 41
41 -1.079243 -7.028221 -52.529434 -0.061166 -0.629277 0.774770 0.021887 0.775191 0.631347 -0.997888 0.055575 -0.033639 42
42 -1.016003 -8.801338 -54.655415 -0.046984 -0.644952 0.762777 0.033686 0.762163 0.646508 -0.998327 0.056071 -0.014081 43
43 -0.996248 -10.602898 -56.758289 -0.038525 -0.651113 0.758002 0.040916 0.756901 0.652247 -0.998419 0.056143 -0.002516 44
44 -1.000149 -12.411827 -58.854881 -0.033536 -0.651896 0.757567 0.045217 0.756227 0.652745 -0.998414 0.056146 0.004119 45
45 -1.017303 -14.217237 -60.954418 -0.030869 -0.649349 0.759864 0.047508 0.758413 0.650040 -0.998394 0.056167 0.007441 46
46 -1.040506 -16.011765 -63.063213 -0.029784 -0.645273 0.763371 0.048432 0.761881 0.645903 -0.998382 0.056210 0.008563 0
